000 000 046 015
047 000 044 015
000 015 043 012
092 000 034 024
043 016 031 023
000 030 028 017
077 015 011 008
106 026 020 008
106 034 020 008
106 042 018 018
077 026 028 020
030 040 028 020
058 040 018 018
000 050 027 015
076 046 026 014
000 065 023 017
027 061 026 011
058 058 018 010
076 060 016 008
024 072 022 010
047 073 015 007
063 069 015 011
079 069 015 011
000 083 017 026
017 083 017 026
033 083 017 026
049 081 014 025
063 081 014 025
078 081 013 013
000 110 023 015
024 110 015 015
039 109 014 015
053 107 014 015
069 109 013 010